#the number of patterns to be recognized
12

data/multi/ALL.patt
60.0
0.0 0.0
1.0000 0.0000 0.0000 0.0000
0.0000 1.0000 0.0000 0.0000
0.0000 0.0000 1.0000 0.0000

data/multi/ALD.patt
60.0
0.0 0.0
1.0000 0.0000 0.0000  112.0000
0.0000 1.0000 0.0000    0.0000
0.0000 0.0000 1.0000    0.0000

data/multi/ADL.patt
60.0
0.0 0.0
1.0000 0.0000 0.0000  295.0000
0.0000 1.0000 0.0000    0.0000
0.0000 0.0000 1.0000    0.0000

data/multi/ADD.patt
60.0
0.0 0.0
1.0000 0.0000 0.0000  407.0000
0.0000 1.0000 0.0000    0.0000
0.0000 0.0000 1.0000    0.0000

data/multi/BLD.patt
60.0
0.0 0.0
1.0000 0.0000 0.0000  112.0000
0.0000 1.0000 0.0000  -203.0000
0.0000 0.0000 1.0000    0.0000

data/multi/BDL.patt
60.0
0.0 0.0
1.0000 0.0000 0.0000  295.0000
0.0000 1.0000 0.0000  -203.0000
0.0000 0.0000 1.0000    0.0000

data/multi/BDD.patt
60.0
0.0 0.0
1.0000 0.0000 0.0000  407.0000
0.0000 1.0000 0.0000  -203.0000
0.0000 0.0000 1.0000    0.0000

data/multi/BLL.patt
60.0
0.0 0.0
1.0000 0.0000 0.0000    0.0000
0.0000 1.0000 0.0000  -203.0000
0.0000 0.0000 1.0000    0.0000

data/multi/CLL.patt
60.0
0.0 0.0
1.0000 0.0000 0.0000  0.0000
0.0000 1.0000 0.0000  -406.0000
0.0000 0.0000 1.0000  0.0000

data/multi/CDD.patt
60.0
0.0 0.0
1.0000 0.0000 0.0000  407.0000
0.0000 1.0000 0.0000  -406.0000
0.0000 0.0000 1.0000    0.0000

data/multi/CDL.patt
60.0
0.0 0.0
1.0000 0.0000 0.0000  295.0000
0.0000 1.0000 0.0000  -406.0000
0.0000 0.0000 1.0000    0.0000

data/multi/CLD.patt
60.0
0.0 0.0
1.0000 0.0000 0.0000  112.0000
0.0000 1.0000 0.0000  -406.0000
0.0000 0.0000 1.0000    0.0000

